#1
# Columns: 18 tuners, 2 criteria
double historyTunersCriteria(11,20)
      1.2230971128608923e+00      2.6895299999999999e-03      8.1640570000000001e-01      1.4570000000000000e+01      2.8352800000000001e-02      2.6895000000000001e-03      6.4479033144112793e+02      1.0000000000000000e+01      1.0000000000000000e+01      1.0000000000000001e-09      1.0000000000000000e+01      1.0000000000000001e-09      1.0000000000000000e+01      9.8999999999999999e-01      1.0000000000000000e+00      5.0000000000000000e-01      1.0000000000000001e-01      2.0000000000000000e+01            1.0000000000000000e+06      1.0000000000000000e+06
      1.2230971128608923e+00      2.6919978026002569e-03      8.1637062809009331e-01      1.4570591466764329e+01      2.8349935909174149e-02      2.6893609229078921e-03      6.4479033144112805e+02      1.0000000000000000e+01      1.0000000000000000e+01      1.0000000000000001e-09      1.0000000000000000e+01      1.0000000000000001e-09      1.0000000000000000e+01      9.8999999999999999e-01      1.0000000000000000e+00      5.0000000000000000e-01      1.0000000000000001e-01      2.0000000000000000e+01            1.0000000000000000e+06      1.0000000000000000e+06
      4.6365134590734297e-01      9.1050540194103649e-02      1.2183665995238968e+00      2.7829457364341085e+01      1.0837758652261491e-02      2.1388573521333087e-03      8.5887200146493319e+02      1.0000000000000000e+01      1.0000000000000000e+01      1.0000000000000001e-09      1.0000000000000000e+01      1.0000000000000001e-09      1.0000000000000000e+01      9.8999999999999999e-01      1.0000000000000000e+00      5.0000000000000000e-01      1.0000000000000001e-01      2.0000000000000000e+01            1.0000000000000000e+06      1.0000000000000000e+06
      1.1361777452237074e+00      1.1810657388756640e-02      2.5559421351400846e-01      1.1009583104437526e+01      5.2068119392052747e-02      7.2239150338765795e-03      6.2012451931880605e+02      1.0000000000000000e+01      1.0000000000000000e+01      1.0000000000000001e-09      1.0000000000000000e+01      1.0000000000000001e-09      1.0000000000000000e+01      9.8999999999999999e-01      1.0000000000000000e+00      5.0000000000000000e-01      1.0000000000000001e-01      2.0000000000000000e+01            1.0000000000000000e+06      1.0000000000000000e+06
      4.0126960874076789e-01      6.4981688335469703e-02      1.9379234572422634e+00      1.8846975523408410e+01      2.8791063907709216e-02      1.1442043581761582e-03      6.7967405237136052e+02      1.0000000000000000e+01      1.0000000000000000e+01      1.0000000000000001e-09      1.0000000000000000e+01      1.0000000000000001e-09      1.0000000000000000e+01      9.8999999999999999e-01      1.0000000000000000e+00      5.0000000000000000e-01      1.0000000000000001e-01      2.0000000000000000e+01            1.0000000000000000e+06      1.0000000000000000e+06
      1.2964658487456510e-01      9.2597509613623896e-02      2.6668619910883233e+00      2.7961301348959285e+01      8.1261124336202167e-02      9.2929866324848922e-03      3.5143746566562902e+02      1.0000000000000000e+01      1.0000000000000000e+01      1.0000000000000001e-09      1.0000000000000000e+01      1.0000000000000001e-09      1.0000000000000000e+01      9.8999999999999999e-01      1.0000000000000000e+00      5.0000000000000000e-01      1.0000000000000001e-01      2.0000000000000000e+01            1.0000000000000000e+06      1.0000000000000000e+06
      1.0617103094671305e+00      9.9861014466214995e-02      1.4372215101019351e-01      2.0753830189830921e+01      6.8734297747665277e-02      9.7413660501739600e-03      5.4535799304156740e+02      1.0000000000000000e+01      1.0000000000000000e+01      1.0000000000000001e-09      1.0000000000000000e+01      1.0000000000000001e-09      1.0000000000000000e+01      9.8999999999999999e-01      1.0000000000000000e+00      5.0000000000000000e-01      1.0000000000000001e-01      2.0000000000000000e+01            1.0000000000000000e+06      1.0000000000000000e+06
      1.7485198071171335e+00      3.8979307819080759e-02      1.9216382835866448e+00      1.6666666666666668e+01      3.5923823475553932e-03      9.3032594762863935e-03      2.3481047427211132e+02      1.0000000000000000e+01      1.0000000000000000e+01      1.0000000000000001e-09      1.0000000000000000e+01      1.0000000000000001e-09      1.0000000000000000e+01      9.8999999999999999e-01      1.0000000000000000e+00      5.0000000000000000e-01      1.0000000000000001e-01      2.0000000000000000e+01            1.0000000000000000e+06      1.0000000000000000e+06
      7.4369773545748641e-01      9.5606848562534347e-02      7.8822559970701334e-01      2.1747543185008851e+01      8.2941036440212432e-02      4.9530122688152354e-03      1.2060062259659404e+02      1.0000000000000000e+01      1.0000000000000000e+01      1.0000000000000001e-09      1.0000000000000000e+01      1.0000000000000001e-09      1.0000000000000000e+01      9.8999999999999999e-01      1.0000000000000000e+00      5.0000000000000000e-01      1.0000000000000001e-01      2.0000000000000000e+01            1.0000000000000000e+06      1.0000000000000000e+06
      2.3890618323872306e-01      1.2209485442226699e-02      2.4687847158640053e+00      1.6346822926203991e+01      2.1636330342428130e-02      2.8188976377952759e-04      7.2477568210950369e+02      1.0000000000000000e+01      1.0000000000000000e+01      1.0000000000000001e-09      1.0000000000000000e+01      1.0000000000000001e-09      1.0000000000000000e+01      9.8999999999999999e-01      1.0000000000000000e+00      5.0000000000000000e-01      1.0000000000000001e-01      2.0000000000000000e+01            1.0000000000000000e+06      1.0000000000000000e+06
      4.5071110297259354e-01      4.1765061344076183e-02      1.2502288958066290e+00      1.4503448696819873e+01      8.2415308551547342e-02      2.2288958066288226e-03      3.1122505035707746e+02      1.0000000000000000e+01      1.0000000000000000e+01      1.0000000000000001e-09      1.0000000000000000e+01      1.0000000000000001e-09      1.0000000000000000e+01      9.8999999999999999e-01      1.0000000000000000e+00      5.0000000000000000e-01      1.0000000000000001e-01      2.0000000000000000e+01            1.0000000000000000e+06      1.0000000000000000e+06
