#1
# Evaluation 1
double bestTuners(18,1)
      1.2230971128608923e+00
      2.6895299999999999e-03
      8.1640570000000001e-01
      1.4570000000000000e+01
      2.8352800000000001e-02
      2.6895000000000001e-03
      6.4479033144112793e+02
      1.0000000000000000e+01
      1.0000000000000000e+01
      1.0000000000000001e-09
      1.0000000000000000e+01
      1.0000000000000001e-09
      1.0000000000000000e+01
      9.8999999999999999e-01
      1.0000000000000000e+00
      5.0000000000000000e-01
      1.0000000000000001e-01
      2.0000000000000000e+01

double bestCriteria(2,1)
      1.0000000000000000e+06
      1.0000000000000000e+06
